[indexes/gdelt]
owner = skawasaki@splunk.com
version = 8.0.0
modtime = 1575346299.419926000

[app/ui]
version = 8.0.0
modtime = 1575871417.150838000

[app/launcher]
version = 8.0.0
modtime = 1575871417.158996000

[app/package/check_for_updates]
version = 8.0.0
modtime = 1575871417.160067000
